,ClassicCars,Motorcycles,Planes,Ships,Trains,TrucksAndBuses,VintageCars
ClassicCars,0,32,18,38,40,72,106
Motorcycles,32,0,29,2,0,0,24
Planes,18,29,0,31,1,0,54
Ships,38,2,31,0,25,3,63
Trains,40,0,1,25,0,20,28
TrucksAndBuses,72,0,0,3,20,0,42
VintageCars,106,24,54,63,28,42,0
,,,,,,,
,,,,,,,
,,,,,,,
,,,,,,,
,,,,,,,
,,,,,,,
,,,,,,,
,,,,,,,
,,,,,,,
,,,,,,,
,,,,,,,
,,,,,,,
,,,,,,,
,,,,,,,
,,,,,,,
,,,,,,,
,,,,,,,
,,,,,,,
,,,,,,,
,,,,,,,
,,,,,,,
,,,,,,,
,,,,,,,
,,,,,,,
,,,,,,,
,,,,,,,
,,,,,,,
